2007000032
2007000039
2007000063
2007000068
2007000121
2007000170
2007000241
2007000243
2007000250
2007000256
2007000333
2007000363
2007000364
2007000392
2007000480
2007000504
2007000515
2007000528
2007000549
2007000584
2007000645
2007000648
2007000713
2007000720
2007000733
2007000738
2007000768
2007000793
2007000822
2007000836
2007000876
2007000904
2007001027
2007001073
2007001149
2007001185
2007001225
2007001340
2007001397
2007001416
2007001420
2007001439
2007001487
2007001595
2007001602
2007001609
2007001698
2007001704
2007001709
2007001724
2007001764
2007001825
2007001834
2007001857
2007001872
2007001901
2007001917
2007001960
2007002024
2007002055
2007002088
2007002099
2007002105
2007002107
2007002120
2007002142
2007002198
2007002212
2007002216
2007002227
2007002234
2007002273
2007002281
2007002293
2007002361
2007002368
2007002370
2007002403
2007002462
2007002488
2007002545
2007002611
2007002639
2007002668
2007002669
2007002760
2007002789
2007002845
2007002895
2007002896
2007002914
2007002953
2007002954
2007002967
2007003000
2007003118
2007003178
2007003189
2007003190
2007003191
2007003205
2007003207
2007003251
2007003267
2007003286
2007003330
2007003431
2007003451
2007003525
2007003529
2007003541
2007003565
2007003580
2007003593
2007003604
2007003668
2007003715
2007003778
2007003788
2007003815
2007003876
2007003889
2007003910
2007004003
2007004009
2007004065
2007004081
2007004166
2007004289
2007004291
2007004328
2007004423
2007004459
2007004476
2007004481
2007004500
2007004537
2007004627
2007004663
2007004705
2007004707
2007004768
2007004769
2007004810
2007004830
2007004841
2007004948
2007004951
2007004988
2007004998
2007005043
2007005064
2007005086
2007005124
2007005130
2007005144
2007005210
2007005212
2007005227
2007005248
2007005262
2007005264
2007005266
2007005273
2007005314
2007005360
2007005368
2007005430
2007005647
2007005688
2007005702
2007005790
2007005797
2007005859
2007005878
2007005902
2007005951
2007005988
2007005989
2007006004
2007006066
2007006134
2007006136
2007006151
2007006212
2007006232
2007006254
2007006281
2007006303
2007006317
2007006400
2007006409
2007006445
2007006477
2007006483
2007006490
2007006530
2007006581
2007006585
2007006605
2007006615
2007006641
2007006660
2007006661
2007006673
2007006699
2007006704
2007006803
2007006832
2007006865
2007006899
2007006900
2007006944
2007007003
2007007021
2007007048
2007007098
2007007154
2007007230
2007007250
2007007355
2007007387
2007007398
2007007415
2007007432
2007007447
2007007480
2007007481
2007007523
2007007530
2007007585
2007007591
2007007621
2007007649
2007007698
2007007726
2007007772
2007007773
2007007783
2007007878
2007007890
2007007891
2007007902
2007007908
2007007930
2007007947
2007007948
2007008043
2007008072
2007008085
2007008140
2007008142
2007008203
2007008218
2007008219
2007008307
2007008403
2007008407
2007008468
2007008526
2007008571
2007008575
2007008714
2007008764
2007008778
2007008801
2007008821
2007008927
2007008932
2007008945
2007008948
2007008994
2007009030
2007009052
2007009082
2007009139
2007009209
2007009216
2007009295
2007009322
2007009327
2007009348
2007009422
2007009435
2007009436
2007009464
2007009527
2007009533
2007009550
2007009554
2007009580
2007009594
2007009597
2007009605
2007009607
2007009618
2007009630
2007009649
2007009665
2007009709
2007009724
2007009759
2007009779
2007009788
2007009807
2007009832
2007009889
2007009899
2007009901
2007009947
2007009950
2008000015
2008000019
2008000028
2008000033
2008000074
2008000089
2008000103
2008000105
2008000131
2008000144
2008000162
2008000187
2008000188
2008000197
2008000207
2008000217
2008000226
2008000235
2008000238
2008000259
2008000273
2008000284
2008000287
2008000289
2008000290
2008000309
2008000316
2008000336
2008000348
2008000361
2008000365
2008000399
2008000400
2008000415
2008000422
2008000436
2008000470
2008000491
2008000495
2008000505
2008000515
2008000540
2008000544
2008000567
2008000578
2008000584
2008000588
2008000595
2008000626
2008000645
2008000676
2008000696
2008000711
2008000716
2008000733
2008000760
2008000764
2008000778
2008000785
2008000832
2008000841
2008000860
2008000861
2008000870
2008000923
2008001030
2008001056
2008001106
2008001112
2008001118
2008001119
2008001137
2008001159
2008001169
2008001188
2008001203
2008001208
2008001215
2008001235
2008001245
2008001263
2008001274
2008001358
2008001375
2008001387
2008001399
2008001402
2008001408
2008001413
2008001462
2008001467
2008001479
2008001498
2008001510
2008001523
2008001566
2008001592
2008001601
2008001610
2008001632
2008001643
2008001691
2008001716
2008001719
2008001741
2008001761
2008001787
2008001829
2008001876
2008001882
2008001896
2008001926
2008001997
2008002032
2008002064
2008002066
2008002067
2008002073
2008002079
2008002080
2008002123
2008002160
2008002175
2008002177
2008002182
2008002200
2008002210
2008002215
2008002218
2008002221
2008002247
2008002248
2008002255
2008002258
2008002288
2008002338
2008002411
2008002425
2008002471
2008002473
2008002551
2008002641
2008002650
2008002697
2008002704
2008002710
2008002719
2008002749
2008002762
2008002772
2008002834
2008002868
2008002885
2008002894
2008002960
2008002970
2008002972
2008002993
2008003060
2008003065
2008003068
2008003083
2008003087
2008003094
2008003101
2008003168
2008003180
2008003196
2008003200
2008003208
2008003252
2008003329
2008003362
2008003373
2008003381
2008003415
2008003429
2008003480
2008003500
2008003523
2008003562
2008003585
2008003665
2008003691
2008003701
2008003703
2008003729
2008003769
2008003774
2008003779
2008003814
2008003913
2008003939
2008003947
2008003986
2008003998
2008004014
2008004026
2008004055
2008004080
2008004097
2008004112
2008004259
2008004321
2008004358
2008004365
2008004416
2008004430
2008004441
2008004547
2008004551
2008004583
2008004588
2008004607
2008004663
2008004750
2008004776
2008004822
2008004838
2008004841
2008004869
2008004892
2008004911
2008004914
2008004946
2008004983
2008005006
2008005074
2008005196
2008005214
2008005231
2008005266
2008005294
2008005300
2008005321
2008005342
2008005345
2008005367
2008005375
2008005512
2008005541
2008005600
2008005650
2008005668
2008005678
2008005679
2008005698
2008005706
2008005713
2008005714
2008005716
2008005747
2008005770
2008005839
2008005843
2008005845
2008005874
2008005926
2008005938
2008005945
2008005953
2008006032
2008006065
2008006070
2008006140
2008006182
2008006213
2008006215
2008006221
2008006289
2008006339
2008006345
2008006349
2008006353
2008006389
2008006434
2008006481
2008006482
2008006490
2008006509
2008006558
2008006655
2008006748
2008006751
2008006843
2008006873
2008006877
2008006908
2008006920
2008007011
2008007012
2008007090
2008007142
2008007165
2008007201
2008007239
2008007242
2008007245
2008007313
2008007355
2008007357
2008007375
2008007428
2008007433
2008007472
2008007581
2008007691
2008007759
2008007858
2008007998
2008008106
2008008193
2008008263
2008008323
2008008324
2008008343
2008008462
2008008476
2008008511
2008008521
2008008525
2008008541
2008008545
2008008550
2008008770
2008008773
2009000006
2009000015
2009000028
2009000029
2009000073
2009000100
2009000103
2009000133
2009000161
2009000176
2009000177
2009000250
2009000285
2009000347
2009000385
2009000400
2009000405
2009000408
2009000409
2009000420
2009000444
2009000454
2009000503
2009000505
2009000532
2009000535
2009000544
2009000553
2009000562
2009000603
2009000626
2009000635
2009000655
2009000662
2009000684
2009000690
2009000709
2009000720
2009000744
2009000746
2009000774
2009000801
2009000887
2009000894
2009000895
2009000906
2009000938
2009000987
2009000996
2009001002
2009001019
2009001027
2009001036
2009001070
2009001085
2009001095
2009001096
2009001100
2009001104
2009001117
2009001124
2009001137
2009001140
2009001145
2009001146
2009001163
2009001177
2009001197
2009001203
2009001205
2009001251
2009001253
2009001264
2009001268
2009001270
2009001283
2009001306
2009001311
2009001339
2009001359
2009001385
2009001388
2009001390
2009001403
2009001422
2009001443
2009001444
2009001481
2009001502
2009001514
2009001516
2009001544
2009001615
2009001625
2009001636
2009001640
2009001651
2009001664
2009001690
2009001693
2009001724
2009001735
2009001744
2009001755
2009001782
2009001783
2009001802
2009001828
2009001868
2009001871
2009001885
2009001888
2009001894
2009001898
2009001922
2009001937
2009001961
2009001964
2009001972
2009002010
2009002019
2009002052
2009002060
2009002072
2009002083
2009002117
2009002153
2009002204
2009002216
2009002229
2009002245
2009002262
2009002264
2009002281
2009002285
2009002314
2009002343
2009002362
2009002387
2009002409
2009002416
2009002419
2009002422
2009002423
2009002425
2009002448
2009002460
2009002472
2009002519
2009002530
2009002543
2009002567
2009002586
2009002588
2009002599
2009002613
2009002626
2009002628
2009002662
2009002674
2009002713
2009002715
2009002734
2009002763
2009002789
2009002820
2009002844
2009002845
2009002849
2009002862
2009002872
2009002885
2009002897
2009002912
2009002914
2009002917
2009002932
2009002972
2009002984
2009002988
2009002993
2009003006
2009003007
2009003012
2009003034
2009003035
2009003039
2009003053
2009003054
2009003075
2009003087
2009003088
2009003090
2009003142
2009003146
2009003147
2009003164
2009003172
2009003200
2009003249
2009003317
2009003340
2009003345
2009003353
2009003361
2009003369
2009003455
2009003461
2009003468
2009003497
2009003519
2009003522
2009003539
2009003555
2009003613
2009003636
2009003646
2009003660
2009003690
2009003697
2009003711
2009003734
2009003736
2009003757
2009003768
2009003783
2009003799
2009003815
2009003820
2009003825
2009003860
2009003865
2009003921
2009003922
2009003933
2009003961
2009003975
2009004091
2009004095
2009004105
2009004117
2009004171
2009004178
2009004180
2009004186
2009004191
2009004212
2009004213
2009004228
2009004249
2009004264
2009004278
2009004301
2009004316
2009004317
2009004327
2009004328
2009004334
2009004336
2009004368
2009004374
2009004409
2009004417
2009004425
2009004426
2009004434
2009004446
2009004464
2009004479
2009004519
2009004539
2009004561
2009004620
2009004626
2009004643
2009004656
2009004661
2009004674
2009004705
2009004790
2009004805
2009004829
2009004887
2009004888
2009004890
2009004901
2009004904
2009004919
2009004939
2009004980
2009004990
2009005000
2009005016
2009005031
2009005037
2009005055
2009005056
2009005069
2009005084
2009005085
2009005107
2009005118
2009005120
2009005128
2009005130
2009005141
2009005145
2009005160
2009005177
2009005194
2009005234
2009005236
2009005247
2009005269
2009005287
2010000002
2010000043
2010000063
2010000075
2010000076
2010000114
2010000117
2010000131
2010000132
2010000148
2010000187
2010000189
2010000195
2010000269
2010000285
2010000371
2010000392
2010000404
2010000436
2010000437
2010000466
2010000469
2010000492
2010000498
2010000503
2010000519
2010000567
2010000588
2010000632
2010000661
2010000675
2010000685
2010000746
2010000748
2010000772
2010000787
2010000810
2010000815
2010000847
2010000855
2010000885
2010000887
2010000978
2010000986
2010001043
2010001120
2010001131
2010001154
2010001160
2010001177
2010001183
2010001184
2010001195
2010001245
2010001247
2010001261
2010001273
2010001279
2010001282
2010001329
2010001347
2010001374
2010001386
2010001399
2010001413
2010001418
2010001422
2010001457
2010001514
2010001515
2010001561
2010001562
2010001576
2010001590
2010001595
2010001618
2010001619
2010001630
2010001660
2010001676
2010001706
2010001732
2010001748
2010001807
2010001842
2010001849
2010001850
2010001852
2010001860
2010001922
2010001923
2010001933
2010001939
2010001944
2010002018
2010002020
2010002032
2010002039
2010002047
2010002054
2010002055
2010002070
2010002097
2010002107
2010002139
2010002154
2010002166
2010002203
2010002218
2010002236
2010002254
2010002286
2010002338
2010002363
2010002379
2010002382
2010002387
2010002413
2010002418
2010002440
2010002455
2010002457
2010002499
2010002527
2010002532
2010002551
2010002556
2010002570
2010002573
2010002625
2010002659
2010002697
2010002720
2010002733
2010002750
2010002778
2010002786
2010002794
2010002811
2010002815
2010002838
2010002856
2010002870
2010002892
2010002907
2010002935
2010002937
2010002938
2010002962
2010002973
2010003010
2010003017
2010003062
2010003088
2010003093
2010003097
2010003114
2010003119
2010003153
2010003157
2010003170
2010003174
2010003203
2010003230
2010003250
2010003252
2010003269
2010003274
2010003342
2010003345
2010003380
2010003383
2010003384
2010003529
2010003534
2010003599
2010003634
2010003651
2010003665
2010003670
2010003680
2010003696
2010003717
2010003737
2010003798
2010003799
2010003884
2010003887
2010003894
2010003899
2010003911
2010003925
2010003950
2010003954
2010003958
2010003974
2010004005
2010004025
2010004060
2010004069
2010004071
2010004072
2010004074
2010004109
2010004119
2010004144
2010004154
2010004171
2010004180
2010004186
2010004210
2010004222
2010004258
2010004283
2010004288
2010004289
2010004306
2010004361
2010004363
2010004365
2010004370
2010004429
2010004450
2010004478
2010004481
2010004493
2010004499
2010004540
2010004560
2010004577
2010004598
2010004616
2010004620
2010004625
2010004669
2010004683
2010004694
2010004704
2010004721
2010004760
2010004766
2010004773
2010004805
2010004808
2010004900
2010004916
2010004933
2010004938
2010004948
2010004960
2010004963
2010005016
2010005028
2010005055
2010005064
2010005098
2010005106
2010005111
2010005119
2010005128
2010005129
2010005198
2010005202
2010005217
2010005223
2010005232
2010005277
2010005317
2010005318
2010005419
2010005429
2010005450
2010005457
2010005468
2010005471
2010005494
2010005500
2010005505
2010005506
2010005513
2010005519
2010005522
2010005596
2010005627
2010005643
2010005652
2010005663
2010005669
2010005678
2010005700
2010005721
2010005723
2010005725
2010005734
2010005744
2010005746
2010005755
2010005758
2010005775
2010005791
2010005796
2010005800
2010005805
2010005810
2010005820
2010005830
2010005835
2010005836
2010005876
2010005891
2010005898
2010005919
2010005927
2010005932
2010005951
2010005952
2010005978
2010005982
2010006009
2011000003
2011000006
2011000025
2011000027
2011000068
2011000069
2011000105
2011000108
2011000116
2011000122
2011000145
2011000149
2011000152
2011000182
2011000197
2011000208
2011000216
2011000219
2011000221
2011000222
2011000228
2011000243
2011000252
2011000258
2011000268
2011000277
2011000278
2011000293
2011000345
2011000359
2011000379
2011000382
2011000400
2011000428
2011000449
2011000453
2011000457
2011000468
2011000469
2011000513
2011000542
2011000550
2011000551
2011000556
2011000573
2011000577
2011000589
2011000594
2011000637
2011000641
2011000642
2011000646
2011000651
2011000652
2011000713
2011000758
2011000768
2011000771
2011000790
2011000793
2011000834
2011000840
2011000882
2011000893
2011000895
2011000920
2011000934
2011000944
2011000973
2011000982
2011000997
2011000999
2011001004
2011001015
2011001027
2011001133
2011001135
2011001139
2011001166
2011001175
2011001198
2011001211
2011001259
2011001270
2011001336
2011001400
2011001402
2011001411
2011001412
2011001432
2011001463
2011001475
2011001479
2011001519
2011001536
2011001542
2011001571
2011001621
2011001622
2011001632
2011001652
2011001653
2011001695
2011001710
2011001730
2011001753
2011001754
2011001764
2011001765
2011001790
2011001810
2011001855
2011001866
2011001875
2011001895
2011001902
2011001904
2011001922
2011001924
2011001928
2011001959
2011001967
2011001972
2011001974
2011001991
2011002027
2011002050
2011002107
2011002111
2011002114
2011002119
2011002134
2011002135
2011002149
2011002222
2011002224
2011002227
2011002246
2011002291
2011002300
2011002303
2011002335
2011002341
2011002350
2011002381
2011002385
2011002389
2011002398
2011002410
2011002447
2011002457
2011002464
2011002488
2011002503
2011002504
2011002511
2011002528
2011002553
2011002559
2011002561
2011002585
2011002590
2011002652
2011002656
2011002709
2011002715
2011002717
2011002752
2011002767
2011002770
2011002834
2011002851
2011002872
2011002873
2011002920
2011002932
2011002935
2011002947
2011002953
2011002956
2011003025
2011003038
2011003057
2011003066
2011003078
2011003121
2011003141
2011003151
2011003184
2011003216
2011003238
2011003246
2011003255
